-0.0012596889013112276
0.0004012027876502469
-0.003972739025998262
0.005848226322545788
-0.003967121108279919
-0.009382125286009364
-0.008454017886612226
-0.018850393532319452
-0.018654465279464284
-0.018371220302556907
-0.021697036960252977
-0.01926544335895079
-0.018873686305726445
-0.048894213453951604
-0.06422543371378375
-0.06630013848408986
-0.037513271447266586
-0.0828185536086076
-0.10302939921202602
-0.1037266355919537
-0.10700144886607092
-0.09703125042857151
-0.12062610209432598
-0.12258080005424517
-0.19260093373234122
-0.21329706336479395
-0.19449865551590478
-0.21383410023638036
-0.22455669974564768
-0.2692266525944236
-0.23794974688973514
-0.3016488584370066
-0.29450126814614236
-0.3462479787572798
-0.3731529021053799
-0.4650749909768
-0.4704678410981625
-0.4566480867194379
-0.5140813295445681
-0.5015532111876897
-0.47518602270151994
-0.5335716019908227
-0.5830422241334767
-0.6092678749542323
-0.6450305915191444
-0.7095344660727297
-0.7225959088618379
-0.741762466366439
-0.7879024285396367
-0.8909726456508807
-0.9790398584434009
-0.9704916556679006
-0.9650589608489926
-0.9322912768470442
-0.9634548590663278
-1.1430270679628955
-1.174129583721467
-1.2421541350026466
-1.197045338515583
-1.2480821055355422
-1.3894938722187222
-1.2825942545049518
-1.4667288613492908
-1.2706227378502362
-1.3398957725757281
-1.5355237078518762
-1.518243959871329
-1.4969467807047228
-1.5333814377972925
-1.653706498621238
-1.6439083962644758
-1.7078411085653975
-1.8439031417337155
-1.836895430046758
-1.7514370007676512
-1.8511235424410803
-1.9052631008995957
-1.8657562807303758
-1.9476230039045375
-2.047985728757212
-2.1370250863274336
-2.0302016191077117
-2.052470818016483
-2.1966760995476675
-2.1044323923264137
-2.242334002006489
-2.4782312146447336
-2.427968574687307
-2.325789054001591
-2.297161512636628
-2.3705599499526877
-2.22020027418482
-2.4852764226664656
-2.5030123044457864
-2.5579865865304807
-2.475192439439045
-2.427585672355209
-2.528228821126731
-2.564763465666784
-2.6821655514347498
-2.6493256901430438
-2.6239137032462296
-2.5399788894840496
-2.5518116954483556
-2.6542555163680888
-2.5517716626030316
-2.6853157269722376
-2.4503749480765156
-2.476067232767581
-2.699354711051445
-2.5941247514719135
-2.698263865409111
-2.59918852949497
-2.6040311498637556
-2.392367117817076
-2.466157612934101
-2.521893454858565
-2.5002463820108107
-2.4194126545165826
-2.373773496898138
-2.415670233265986
-2.3025656249875963
-2.4749679428347626
-2.4672188920717835
-2.3248005052700456
-2.396966379047515
-2.4064607909990543
-2.3641949543149154
-2.290524809792619
-2.106680197848827
-2.2331197875795548
-1.8675644411712238
-2.230965451648055
-1.7912019375235917
-2.0373292472642115
-1.7673412540100675
-1.8362728510294277
-1.591329459142069
-1.7236924468833081
-1.876169665186542
-1.4000656504263573
-1.5023326921371005
-1.634576509929782
-1.06780959444478
-1.0802134371051824
-0.959811220168297
-0.9892019299389634
-0.8104902396812985
-1.0489102268361057
-0.5926521880068656
-0.408599682640824
-0.3765838093292346
-0.3756981485273428
-0.1083454220502938
-0.36726024706560845
-0.2157250870104967
0.24159088532514653
0.04033434595483408
0.217544134989066
0.18768927766976495
0.44355476910268865
0.5616846716803424
0.5211126795953701
0.6871513645924395
0.7386547164005427
1.270138671853982
1.3694423065390284
1.668656242221138
1.7579086015134449
1.4231878017535824
1.5961287009955445
1.5570421836427237
1.9161021997326082
2.3525860741286237
2.1939202314537267
2.5502758303336286
2.72157928812935
2.600636494504811
2.852263813917221
2.9914121506327827
3.199153257402282
3.0149438884752673
3.3962079819842868
3.7800263595840367
3.8970598898128506
4.2856177404989095
4.124941456629767
4.242094959936837
4.530905365834591
4.402588034096703
4.854800727910642
4.826639980236737
5.28411707757393
4.936113035935477
5.157332076679155
5.636398473181252
5.487573478149093
5.844844361744689
5.827921587786514
6.058506200091972
5.956218942338986
6.290055992567498
6.468054316680863
6.767116892610392
6.849246149853037
7.002462456373631
6.939244963297774
7.45946441751115
7.7348555437266935
7.85532783384004
7.492845332598786
7.364549224184332
7.903401805899481
8.114923463060832
8.17673923104978
8.306532213005584
7.9067636240276595
8.666629913621135
8.90013679502062
8.720267913568303
9.037731700344303
9.099958946357651
8.974146937078292
9.352784735320983
9.605569675349072
9.351559599227867
9.181887882196328
9.25696750590918
9.604230257492228
9.61107218969396
9.885453761714029
9.656492158655485
10.152521512693532
10.049829731049114
9.842478723809965
9.76260809781995
10.275763053957048
10.23371157625026
9.825702971463821
10.672400342472686
10.431114643515066
11.039351143983641
10.657095804586353
10.674117757433152
10.58312574453276
10.681207075037122
10.707968537245446
10.738041962320626
10.449096391423614
10.595895436774523
10.847796114233853
10.620358163509142
10.400700602886785
10.529442067085927
10.559648070348
11.180284917272013
10.60094019559728
10.641106326250735
10.763173116520226
10.585030947622618
10.499135322045785
10.428241302662013
10.664037833672966
10.199481925983367
10.257424480655327
9.929563856897044
10.146072307729801
10.097745674811579
9.829741866080118
9.716783066619534
9.583748144057665
9.12302029089667
9.469777442834266
9.432816500204993
8.547850389889769
8.501105640703937
8.66245034921708
9.1323345382691
8.362983038911125
8.034976126516906
7.855851478470736
7.491083759344428
7.975526601651609
7.686292451783745
7.757440739449907
7.455210483796776
7.268055532512413
6.354220660340773
6.798256751036087
6.236786608517347
6.725345405914692
6.362354782401222
6.039531208088208
5.155800051334372
5.4835588303418294
5.479973046584452
4.831851058877858
4.878323011081276
4.271842065442893
4.349217876833249
3.950339400076501
3.5760764409989365
3.135405807509061
3.2506054814011214
2.3170182740577263
2.2993881141387496
2.290954393790776
2.1886059661224855
1.6384392309128848
1.3571808855804917
0.7031962296060708
0.3892882726220865
0.5048453181554642
-0.10398430973180386
0.15094724147988087
-0.9551100391306016
-0.9073486155232314
-1.2696612219167902
-1.9654575817922477
-2.44627387464257
-2.1091224833347684
-1.9407719394449403
-2.2538055533055825
-3.268423390684692
-4.164690273552466
-3.6280935548538364
-4.51157438589405
-4.549411869144234
-4.711411509297431
-4.7300419037000605
-5.88981508609408
-5.983065877287947
-5.993283589186558
-5.972544362244543
-7.43175944289686
-8.09387001866756
-8.259613508117601
-7.8719191758272
-9.436131431494799
-9.37615810253133
-9.498170046399927
-9.19740146062697
-10.038337508165524
-10.039677822149798
-11.204424230392448
-10.655419877034083
-12.000829934949348
-11.537484244150942
-11.43496981115678
-12.417928944534973
-12.482687037954568
-13.220745799993844
-13.18114702403881
-13.54369958828058
-13.810130110073471
-14.119705381743684
-14.15634634676154
-15.242721912514082
-15.327249960629233
-16.111662231820137
-15.25418823653525
-16.58613239738003
-15.691786612862732
-16.782216462008897
-16.57183640828719
-16.82583671908275
-17.298068792414007
-18.038780459908416
-18.355610993081143
-18.440887660575523
-18.241257706160408
-18.158378706359034
-18.121598785470212
-19.05560882890531
-19.48484480914713
-19.825028168098996
-20.751746209465722
-19.496515038482162
-19.864548972231315
-20.180179243241785
-20.612751477926547
-20.11321516517727
-20.73546799150678
-20.76243785670726
-21.457397821484097
-20.528297666618563
-21.328097354576514
-22.07358877650858
-22.101222481616208
-21.500216319926878
-21.49762278061015
-22.06746822840718
-22.16805794426814
-22.09941311039029
-21.94926458799887
-22.136024664893224
-21.905170152007834
-22.95858636200776
-23.154812819773298
-21.972883792150153
-22.31804617627102
-21.733616676979903
-21.86372107434351
-22.054434316790108
-22.3508196365577
-22.125665986553106
-22.545137382300535
-21.78111630290292
-22.050459343388606
-21.768743783306913
-22.239812358372063
-22.246218802238577
-22.142900980770282
-21.380444139966624
-21.045340089635438
-20.5687086918362
-21.27851392274078
-21.023890228554848
-21.11802019791321
-20.514188855445664
-20.422825864494516
-20.098540642157733
-20.089678338827024
-20.879756329179852
-19.955889705885223
-19.57890988482474
-19.52050561137774
-19.303369585315313
-18.760164512056356
-17.604203740126163
-18.653346909117374
-17.67182539043642
-17.541233222543426
-17.092142412425066
-16.94682951208879
-16.497363187609576
-16.139117067848904
-16.512117192971388
-14.54072186673898
-15.484250453064952
-15.403740860699155
-14.224419345637106
-14.721453051499449
-12.808547197008224
-13.18189425842964
-12.814633948966152
-13.610957137249189
-11.648426445147521
-11.122947242838702
-11.40313148698282
-11.068496859547214
-9.790376708151472
-9.151064704060543
-9.52631306176136
-8.365866803742454
-9.087102767961408
-7.71203363927879
-6.830441528071095
-7.308757532515836
-6.382262467800161
-5.13016758684682
-5.4357252745841995
-4.492022482427434
-4.577328954101487
-3.6801376472652025
-2.9727859265310808
-2.039838697571558
-1.763357683153206
-1.4449321541817814
0.10496094686348134
0.2634739952795939
-0.7148740730869377
1.2186178317636136
1.5622720812979967
2.2608021447278968
2.6958432583578436
3.403950505739648
4.11581495751656
4.143946542114637
5.205914780462788
6.061362349720777
6.812940278130332
7.7910757529837245
7.97660815785316
8.452754371822293
8.75150489444461
9.154377453078027
9.770372812623743
11.127403325353864
11.597433785608994
12.118194975506286
12.272938602588871
13.54205144407743
12.93606314287595
14.293660495570299
14.83726070615149
15.58296381648635
16.581847724071647
16.037673335863253
16.944652552077258
17.804454729115225
18.84790634638785
18.869266320162012
18.711863067698015
19.263457589068548
20.505888856882606
21.58129366733114
20.98250265116981
22.555620453731994
22.575175650067564
22.92770430210676
23.159503582037505
23.668021851753213
24.656759734400538
25.212095513472956
26.08757258084154
26.411392946035694
27.1347774919057
27.58904911226837
27.822292606043657
28.71700083679329
29.17673588475996
30.10781220561153
29.708808290654773
30.52171906410667
30.915303518554808
30.64332022907722
30.636469651786417
31.962918708985523
31.850077143728964
31.80751105765965
33.33363086905892
32.98851435383455
33.73316304233494
33.7004057771293
33.35387479798269
34.6450432726614
34.578042290719615
33.43277475922442
34.22174469325197
35.870498280046796
34.440253550662284
36.47608678869422
37.254410783844
35.1601662620912
36.44302182260714
36.64872655011468
36.547200963616916
36.281585394552586
36.077091696824894
35.84686457190649
37.29960599626118
36.85386695573429
36.6174056292678
37.00987437247874
36.48644494346312
37.28535497054824
36.285983982946284
36.86300837130691
37.370655797704394
35.63508660374281
36.81846849755298
36.09393184774169
37.094446325634905
36.140245458393444
36.36908549875276
36.40694578612182
36.03657018323294
35.97836903641442
35.71166989822999
34.438247537928824
35.43476897616961
35.069057237743515
34.99717045678013
34.32615316703705
34.27143391534135
33.43671173926516
32.33273866717067
32.73363740453752
33.14191360541718
32.7692973667648
30.872041707840634
30.69525910747329
31.183262799979047
30.974789700853222
29.102761644099942
30.0808595462321
29.226841795247314
28.080755144435116
27.249330244056146
27.128459384653986
27.1308053668534
27.2466782739006
24.970343903392
26.27595507556436
24.140533679152842
24.16383668130595
23.490094882955304
22.554894623848856
21.983771655429827
21.763038427056262
21.181427884505975
20.85880885963966
19.6473843354793
17.70863360828497
18.378332121528278
17.81127259797645
16.273758804112347
15.66206135391253
14.959424961722801
14.913650408003148
13.174892576891768
12.334558996356133
11.328744513116098
10.728162903430917
10.055158794782725
8.69832078038602
8.835639911588466
9.368805846462793
6.595586888425836
5.068495394060244
5.740929145670446
5.340470169112806
3.5663475641409104
2.7461114994527804
1.6629042076501674
-0.2490988698548664
0.1499673299615035
-0.6967348018309695
-1.7618189810476903
-2.6222534544402545
-2.595695907989167
-3.5771785864508328
-4.9911944352197
-5.877379314749603
-6.36546369346558
-7.1289883932829765
-8.632038013527522
-9.484517975745065
-10.956355731452144
-11.008313287201613
-12.389462592091308
-13.705352441330492
-14.946237638772091
-16.006199263040735
-17.33426891918685
-16.826700752554075
-17.195569999752333
-19.66241796703936
-19.472357257942218
-21.077297143152766
-21.646013522597574
-23.573560418426272
-23.537348245595812
-22.744935030486776
-24.924173974035494
-25.29692314397868
-25.74996696535769
-27.64256898843917
-29.33711523923404
-28.564822061701967
-30.951005399554123
-30.532142511168846
-32.10384035275702
-32.7854877517229
-33.376475468979216
-33.519856672685904
-35.24326831629537
-35.84749509306688
-36.07559779754953
-37.68395566995295
-37.049730220557194
-38.06067453094278
-38.66922289624415
-38.23634194184125
-41.08398514495996
-41.47559651913629
-40.61370136179091
-43.05820683653234
-43.02679730164001
-42.76572007679298
-43.71953017318876
-45.434437184198835
-45.026980605180924
-46.504540344188484
-47.131087005483806
-47.834392998258835
-48.35519906154067
-47.21265211570082
-48.5409827277582
-48.842833826684824
-49.642284633536136
-49.32085112826534
-50.367827138211304
-50.39539580705677
-50.56639102494469
-50.10808553102021
-51.20122906431665
-51.200236358089796
-52.18173166161026
-51.631937182485586
-50.81527880704168
-51.4151537173277
-52.34835111316405
-52.30209796825383
-53.19468422401386
-52.42890160218291
-52.64051977068116
-53.04292506014286
-54.003106362197656
-52.98164046612582
-53.37500195208331
-53.52116737739006
-53.28567628497798
-53.810593046362435
-54.07791605073315
-52.92922501397453
-54.030852844111905
-53.64611580503312
-54.03191788448139
-52.90943429215311
-52.80145835366713
-52.37747567079154
-51.769809488981664
-51.693527744063246
-51.82253667381944
-48.68537924805285
-51.324281603461095
-51.31164166158618
-49.6868751655792
-50.86651962639918
-49.24587354639918
-48.080561239400744
-48.48938059390042
-46.67469858517121
-47.39207678435848
-47.21033652276672
-46.279457020965225
-46.22481663601073
-44.257952500549486
-43.43949166148775
-41.93718052027975
-43.613472205826646
-42.101392677179675
-41.64646168295838
-41.25310990121528
-40.130857691180516
-39.52763916394986
-38.88504594242378
-38.090068659782446
-37.558715260306656
-36.70476609356473
-35.77507281248484
-33.02836046346816
-32.45718942247638
-31.640138805475885
-32.36884481448314
-29.73756640589804
-30.312730538715098
-28.595299096564876
-29.269899254865877
-26.39070503498827
-25.644723936691072
-24.938396809475382
-24.504374739339543
-23.007655130498524
-21.4014838320607
-20.441235570379952
-18.79122670625217
-17.807581245658064
-17.53686869454223
-14.598748863762044
-14.140915371211216
-13.855834266548225
-12.964851745481695
-11.717781931866291
-10.816955186995553
-8.179841598990631
-7.127463670787032
-6.464112801364447
-5.290197828910789
-4.331877887644231
-3.257105923667364
-1.7974617669899187
-1.836886639884623
1.4743083195428484
1.0875067839721413
2.0227147159050896
4.21998355539169
5.488967194471906
7.549287027636782
8.414913752593574
9.030457057090432
10.76152305932027
12.02308611664671
14.25300986500747
13.461026895509754
15.623591372101313
16.96410968751793
19.94308029443312
20.186039796785117
20.703054307717593
22.816634919678954
21.670214702616832
24.388250984379408
25.17792492291203
25.865498623767
27.9099607799828
30.356357655798618
31.453641025708844
32.79296007148951
33.95574909911494
34.2071326758634
35.595617580235285
37.16753978923393
38.15722906021815
38.93253377562905
38.74007453208323
41.32379162810566
42.12719246680084
41.6234182990694
43.41285206082706
46.76813192215093
47.02583323522387
47.54873243991774
48.66941606918908
48.8600471457714
51.72089784223383
51.06780728690837
53.07826117576591
52.967895681206336
52.31564638753702
54.49162150711561
56.19808901443256
56.14494832755888
57.60682526262363
58.64373588515467
58.55540599389016
61.25460364916988
62.49335252566618
60.6815496890453
62.498983103262916
63.467116379596675
63.23323287193282
64.6506195803814
65.76780224015819
66.30236102766524
67.41739662962566
67.57677477925986
66.59702771604564
69.13229044757723
68.64347569795352
68.77094741335208
69.28944500392475
69.02240146156667
69.13036842286186
69.61275294748081
71.12846636593225
70.6058601309314
71.0642720960267
71.73271957350072
71.34694845226836
72.30158935035493
71.28031044799113
71.45860059085813
72.00145567950844
71.47885282572618
72.31716592040068
73.64377529112502
73.0929727304247
71.9454327790805
70.97953735299394
72.9838388934327
71.52098473785784
69.819370246315
69.88597675708509
71.48013689812983
71.22923123241914
71.91969359866783
71.2385862693273
69.8664705115742
68.48087751758163
68.50205478865199
69.89972391862965
68.63174226338762
67.07676050334997
65.77307806150455
66.05197500685829
65.03201854589393
65.27995046146815
63.91986621184181
65.94783115463932
63.769870182513046
64.06829312108871
60.2694317934286
61.64680045319762
60.12565213336718
58.91555915305535
58.30427325625662
58.085606577276806
58.35633488202667
56.546539176610835
54.64667673523599
51.51876616087117
54.48001698904464
50.30105773696174
49.38884051163418
48.378649017130286
47.26691731422057
45.551371286692714
44.368703247028314
44.01947145030674
43.74149156842538
41.01069818757492
41.00162118139515
38.353360467662874
38.21655989732298
35.24976427512639
36.308498758978864
34.34692862118238
33.54467861334301
30.725915624426605
30.274436938984458
30.299900398974714
27.313268076496914
24.4668005780147
23.90966976828122
24.244251521691314
20.579638579972286
21.06516376274939
19.35632104409567
17.71751004237878
14.392228840951073
15.065109594533395
11.711126941501831
11.680712003871461
7.616944374931202
8.063921984866617
6.2222354308239325
3.7605737972496804
1.3641587088865585
1.535910301899912
-1.1514365540650837
-1.4542206097212438
-3.9212036073242316
-5.9914114722057095
-7.637606937640833
-9.215098898822399
-11.457967040357241
-11.646324357774462
-14.971329185289118
-16.1109844824078
-16.1960485023884
-20.183244014172725
-19.9097049941877
-22.841496351473143
-24.380776268891275
-26.15237044760936
-26.972280719465243
-28.13789397928212
-30.05258452791577
-33.277653848358504
-32.99369689542283
-35.5977961242904
-36.34016101554352
-36.77705534596151
-38.82300796791275
-40.71151034167291
-43.11049410472193
-44.04473936137267
-46.322644171491014
-47.75542020794705
-49.220274972831255
-50.32868835038189
-52.0475657609164
-53.364962765860135
-54.94648646154163
-56.46635659341877
-56.51738798199249
-59.934271143793545
-59.55939388450435
-63.36104131823746
-62.613277683211116
-64.84124681498422
-64.9287039763918
-65.82367306334905
-69.94072821172168
-68.83274140864692
-71.28456780046707
-75.14406251702773
-72.15109115246298
-74.2756606849339
-76.05239605339935
-75.06955574670307
-76.02272123119634
-77.83805806788632
-78.42066961800981
-79.84759601756679
-80.53211576080199
-81.49604363024025