0.0035722488417801097
0.013613625531805644
0.030055690625335627
0.046539702219075524
0.0553023292758491
0.08472399787375459
0.10704081720644723
0.1011382802385549
0.15803905225568027
0.17599976089260858
0.17581927400018701
0.25098482838692865
0.22014777912571076
0.2567350885527201
0.2946926413790771
0.31969140159681064
0.3457942500619161
0.3684481639080696
0.4435326193754296
0.46982990294541527
0.5451981494305727
0.4576694682392345
0.5332745982770029
0.5677636956406739
0.6857585898099665
0.6194920532983271
0.6532843898436327
0.7024499935718723
0.7263990198490474
0.7264041925413842
0.7935982501977105
0.8603140795074744
0.9026280077460089
0.8413704774247373
0.8523454117345367
0.9745638214001097
0.9288324839837305
0.9535524412881197
0.992554657723534
0.8955678363730828
1.174113861707428
1.0700790996580007
0.9225764742678748
1.058757264194496
0.992314340189303
1.1458775620530575
1.136012706146669
1.2365234941782515
0.8659982640586733
1.1065660820311372
0.8250555848212746
0.9552591505026886
1.1263983975756369
0.9670293446255033
0.8275649199053683
1.1079139559015874
0.8146870268589597
1.0576634607734552
0.9956430162606114
0.719099944081992
0.9739440052893248
1.067978680645481
1.022357998688617
0.9723721494682065
0.8565198190116664
0.6004535888038226
0.29132763583284244
0.538934874531882
0.49584656093489243
0.6100293573527017
0.46234282251912484
0.4207690342234761
0.23078187484907334
0.4777128331055618
0.3628745680140199
0.19109722583811325
0.046742898342355954
0.05349763019948174
0.11630592824252736
0.10300885819228003
-0.35795691750597236
-0.40664096932894644
-0.2513491494510611
-0.45120568748330747
-0.6138022419935886
-0.5920581711056209
-0.7307405646990898
-0.8802504144861767
-0.6917949000779531
-1.0871750095426613
-1.2800124513193076
-1.3731647065322048
-0.9881139540183876
-1.4359792992982012
-1.6198562265713505
-1.9927786350390568
-1.81865293942469
-2.15938785246528
-2.0214429451757923
-2.7024681278762372
-2.6760497288004133
-2.577877571790938
-2.9671818807168493
-2.728889377738187
-2.842500438678263
-2.6864915474266815
-3.3058787843868114
-3.6334586312187818
-3.6043647669110395
-3.5678872581557157
-4.070808344173338
-4.065128980623159
-4.306972677126416
-4.370130850902735
-4.648453781428442
-4.9182155186298235
-4.942151463773707
-5.277346190784672
-5.283405168590972
-5.673829324157206
-5.254695767918688
-5.701355620614359
-6.159840922089711
-5.728865223089359
-6.4269120698217845
-6.887063575677606
-6.332012422699092
-6.777058068348607
-7.1151520864847315
-6.913294911179679
-7.653598322758906
-7.58894331264599
-7.967365203827201
-7.981158862546702
-7.87942572163681
-8.148076464838612
-8.300217675025301
-9.04767995511187
-8.820726637736716
-8.366911199610186
-8.988248155872792
-8.596187826005268
-8.883945229967702
-9.793809878635138
-8.761244868085813
-9.494542822863751
-10.069775334731514
-9.764000763248262
-10.465024061111704
-9.959355556184061
-10.156677620105416
-10.034521086789058
-10.715156013529556
-11.146085163339293
-10.538798021567821
-11.637747712213491
-11.125539022148716
-10.734545895687374
-10.800440571330041
-11.463736134950686
-11.741661635907525
-11.453625027846012
-11.60350135722413
-11.981922619193563
-11.54983261037263
-12.069122774251781
-12.157127075019869
-12.02632229003798
-12.19721692161689
-12.015634323156256
-12.111039937441396
-12.120559357337527
-12.584362045948286
-12.211157407629251
-12.57630397255985
-12.246518004626774
-11.574412300131863
-12.559985924043323
-12.659826774321449
-12.285701257711109
-12.391139641432133
-12.341194490084334
-11.83965545581432
-12.355027166324076
-12.533299467187268
-11.51786636217545
-11.835554808144417
-11.497127847975626
-11.943130031702397
-11.32882031226847
-11.425606740040658
-11.82390091910355
-11.909866026021106
-10.38584621343888
-11.826406895674127
-10.651856431084138
-10.826958450687835
-10.282277412594013
-10.766871435652977
-10.43065164606144
-9.176353979444006
-10.317547073772237
-10.266584097724134
-8.861738479513624
-9.132047342315209
-9.158233592476709
-10.398460566832027
-9.059722478162376
-7.930826397344901
-8.124486650448631
-7.342467080522347
-7.498427015669002
-6.817195134106484
-7.256128704787115
-6.921514235030226
-6.75509599863168
-6.41217612938259
-6.210735031644322
-5.86921730081367
-5.762553065199342
-5.198867139711613
-5.066019713322954
-4.733236740280711
-4.555443784916537
-4.186524145202049
-3.0462158261625008
-3.1689294574166516
-2.3389993923059764
-2.2447637849891287
-2.1885578834454393
-1.1869615740632078
-1.130747936030743
-1.0002703582009913
-0.775211851377475
-0.5927030776911404
-0.32437366181543575
0.2776105003422296
1.2198835202338028
1.7070812904638917
1.3551012431132656
2.8201038488608123
2.4985897197625118
2.2612944530372743
3.6822839723034644
4.233028434393569
3.6901712308361674
5.443652100481114
5.127881054319798
4.698757356221842
7.084953138039964
6.71813132283321
7.569828845582882
8.626609462896948
7.766511449312696
8.729420110431008
9.48608854280632
9.138748767534581
10.427128843497643
10.652998383510706
11.31094809714381
11.018258329011688
12.43100342377972
13.083436190178194
12.079093267279159
14.07198279321927
13.966411986331766
14.354891602012078
14.48490192827593
16.747881269148827
15.23182114262008
15.958133118488561
16.642157426099992
18.22629052997218
18.44396542181854
17.845281214713033
19.011391220771785
19.11355837554895
20.109909141245492
19.27507917988322
20.350154907565425
20.882548723950425
21.164418004813314
20.95532416593967
22.06756307482301
22.952348864950658
23.0003300732587
24.456994931042765
24.87979996638944
24.04815987319375
25.318326168276126
24.10205654624413
25.48160056515583
25.74177003496762
26.564087487642972
27.177844477040352
27.48456057441721
27.038768473405938
28.140447832014598
28.89726324156692
28.78143655770475
28.703988533988586
28.841389873256276
29.0809204890244
29.15808786030739
29.466716761423246
30.79154251381121
28.905428968905234
30.200932994512275
29.194775191196165
31.104116098579205
30.720586898378063
31.093479190520828
31.765158966816507
31.2476137351106
32.55744936948564
31.35561713862066
32.4788491657028
32.328199585249166
31.622340638465698
32.02233817320114
32.95343843842935
32.41876725861497
31.97845529639782
32.62120323410648
33.44300216456801
32.77669387940914
32.933828406697096
32.1290102484828
33.041365210987934
32.0433809785027
32.31769159248792
32.870681657388616
31.67946534070784
31.40928012571238
32.56928612670272
31.229152508286145
32.206940185177515
32.16453903660633
30.009131470800845
30.93432258471355
29.326804447444506
31.35948043376456
30.3391229218367
28.989883705168047
30.682158874199565
29.941270436617316
28.597078966317124
28.415809629607836
27.82269374623036
28.662872141823993
27.847676161518837
25.72432594549135
26.358266044184116
25.106316126934104
24.304598005238358
25.53792113181186
25.915157362725036
24.283432370775103
24.040340363857638
24.093576285651036
23.243251299361848
22.334015609753994
21.264121413909386
20.41799560029446
21.349327511668804
19.977455206258664
19.36503261715849
19.111713100204902
17.771006593720333
18.754245285516166
17.417754348925577
16.424778334886355
15.776203173346886
14.455990869883806
14.423732652274847
13.24902977838227
13.466057616397126
12.655033444669723
10.483507795558246
9.920549088175909
9.503431687032203
10.369964681668948
8.468861942757908
8.09781830735639
6.4104057287909315
5.676680565414223
4.713956706470021
4.415834696874545
2.96944441441303
2.652814076460766
0.5201952101898014
0.8652922961608221
0.8825937720377774
-1.7326408223318222
-3.445615943321879
-4.2556749735888255
-4.0739020428927715
-3.3678789391774098
-5.864270586340894
-6.775012149640691
-8.171627376430076
-7.58348003029175
-10.309420554261106
-10.753863897254009
-10.94173642969699
-12.261788715789324
-13.803830087777303
-14.560126452657322
-14.051211913030658
-15.084627965945634
-16.50944710884105
-16.862542303870345
-18.569715457051622
-19.91745259051733
-19.71204044593828
-21.49262332587661
-22.695788342027818
-23.093076727532942
-23.62286682554542
-26.077977514591076
-27.078303691621485
-25.075871201607196
-27.409896936883314
-29.109954815641395
-29.08487813647065
-30.12963738393118
-31.19729943084467
-33.246562774930986
-32.30512979094314
-34.66100067701611
-36.76269526632568
-36.17804121595672
-36.05471850556472
-38.43346343308224
-38.71647022988861
-40.336901612798265
-41.32618803889269
-39.3713927248142
-41.04245763547097
-42.3950987953017
-40.67554026935341
-45.50400077703008
-45.23582441101974
-46.23148461905899
-45.96360976013962
-46.767670300683214
-46.66581678462992
-47.73490275501084
-47.949130271372645
-49.796238902727836
-50.3827863043382
-51.328912449471396
-51.769565306329405
-50.83854767367404
-51.08653936162174
-52.14826991478837
-53.92386107338416
-54.11943335045909
-53.44818799563755
-52.959118359049945
-54.635206778024774
-53.7883699892279
-55.1680554604824
-56.22246502167928
-55.495414137310675
-56.454992158898634
-56.775238166969764
-56.318766842397466
-57.598869335690495
-57.57406213239358
-58.5267148880406
-59.926004302086675
-57.840890762549506
-57.53540811281299
-58.046570997299845
-57.81818386190512
-57.93423180188241
-57.19528534799498
-58.00338452447133
-58.56775958163688
-58.10734674524183
-58.2554414008427
-57.971352414495456
-57.355309517724955
-57.53892183571663
-58.663308432253615
-58.15269853815713
-57.509393698370864
-56.97500966984224
-58.91017997265576
-56.10684982509906
-57.37810324185757
-54.61380347592429
-56.055047774870374
-56.35537646802474
-53.07957827347229
-54.319054547587946
-53.177987829873636
-53.282568780934405
-52.44129323584504
-52.53496973670404
-51.4710142315149
-51.173378566512426
-49.83410588768567
-50.329103734241734
-49.36730992416079
-48.709541934989
-46.38859953973542
-47.865150618810624
-46.691626263307285
-45.343894300481466
-42.811162267553
-43.465518816906695
-44.1715209140665
-42.06682029243179
-40.371842177795145
-40.6200787024668
-39.31228020211816
-37.358915929210745
-37.36334654292929
-37.66278331525208
-35.13753476218031
-35.483152656224725
-33.41196802667722
-32.12626060260856
-29.026090003553737
-28.00147581839998
-29.66604327352946
-26.534087334224814
-27.35772573140091
-25.26819838040223
-25.159567755861552
-21.36819096944147
-20.840139474677713
-20.40550288507312
-19.619873170219943
-16.99413416702758
-14.856527718750915
-14.642908806611338
-14.032034698789131
-10.926311806912665
-9.29381201103917
-10.260052217716407
-7.909493110822056
-8.184096992236277
-5.681806572013279
-3.846348353553852
-3.021115419265805
-2.0752454045478324
0.7788854949923069
2.250827414828879
3.349139486907127
4.788782314160309
6.428123950617641
9.397484675640127
9.783616755434512
11.407302192604817
11.482425632358037
12.546773744903017
15.229925583318787
16.8099967478955
17.57407611215415
19.68038282317773
20.92269362904176
23.80730562269045
22.780414450256092
25.862114174004933
25.06532355820889
28.841156458622457
29.268822823226554
29.357392123857956
34.3841490118505
34.49228240711881
36.82088427497399
36.95822731442776
41.343786854557585
41.19359012918132
39.84786080179092
44.506701707280186
44.514330100411236
45.30546087818457
45.981527939812956
48.119805629785006
50.99261799326421
52.5409307842516
53.16406865253334
55.083762035933255
56.11450096356108
54.20530625632228
57.236489033251786
60.48368202472062
60.18357839373705
60.83219853289798
65.64848636771886
65.30850430945817
66.4412133525758
66.06598156943669
66.12279849511303
70.82378419482251
70.27228829775618
71.45377049131865
71.3524588248885
72.32458687792723
76.3080838161331
73.87350582749218
74.21003873664856
75.90953947138051
77.90740547061904
78.19446362687162
80.69668244598346
81.65858830939932
80.87155955862785
83.05533108720402
83.58538257946907
84.97668623543987
83.99712724193003
81.96625485274753
85.09752024707618
84.07688023264909
85.77120524506309
87.35039976239726
86.36108081900605
89.0524821606388
88.98539117477696
87.30352152954326
88.45338354013484
88.20157741927426
89.69101466749248
87.77323172670071
90.68611515946016
89.57244536330822
87.38864496519099
89.07441959095439
89.87831777913182
89.96776429890042
90.07824855465587
89.44445607432363
89.31859010985464
88.85518824733262
90.39005221959415
88.14691615592977
89.00351089997892
88.8736633420273
86.50899795248802
86.41234619155799
85.82036008977741
88.25115326552353
86.98014976872898
85.27386101918798
84.52369711654947
82.65085391637564
82.20645836511295
81.17645616401134
84.22338687243064
82.78169211210015
79.65776384603083
77.7715299533553
77.13131404118597
79.30471250722951
76.40251370649003
78.31838509542293
76.2086777401565
72.94446947630074
71.86048946458008
70.293304340319
71.26711264353843
68.82292774118037
71.5592819196443
65.00342101963697
66.72374174158226
63.921416250976804
63.65767069749443
62.523014042940645
60.6726294245771
60.20558116721218
58.54251325514665
54.974843993060674
56.50106864359578
54.847631114739364
49.84172705224218
47.56288594361816
49.33201517702401
47.24118075972945
46.084409839610245
39.83142775928189
43.2614811205792
37.48477609061113
38.359877326939575
36.51411007454797
34.34851513549941
31.157467473962473
32.00450352319112
28.20247132853693
27.88205769949303
22.59916247099817
21.157984770663198
19.459211810930743
18.83029012415324
15.810460975436882
13.009018763140755
12.50333864329406
9.231724786964843
10.054283366320314
5.514691064701792
5.479345996128935
3.892480574489708
-1.5872752061449236
-4.814487284645495
-4.9284298918939555
-8.950979242509188
-8.434048378556762
-9.882373044821902
-15.358091183041022
-15.091854660490407
-14.95273148506747
-21.46977149806365
-21.98463094243124
-25.968768646954906
-26.99177924382174
-28.892824111453564
-28.76499215675712
-31.552033166057218
-34.08298558719622
-36.65034346869409
-36.32020006758702
-43.85165418344442
-44.186748821078034
-44.08479126908231
-49.88923326540664
-49.85335785396195
-52.11249877405901
-55.524513211719
-54.57523221014245
-58.3081678727944
-60.86092706209771
-61.63540006077164
-66.18589392300514
-63.24360062474973
-67.95224448535122
-69.736169983025
-69.96068203076999
-73.3987392697514
-75.60034642162199
-81.5988775118056
-81.13349027869978
-82.69306910727622
-83.86028986186334
-86.06662926334556
-86.9220749754777
-86.74168763143068
-87.24232102185285
-89.63117826890381
-92.56533162544592
-95.60333008086538
-99.10655174478417
-97.16046958881134
-99.3494668566929
-99.95555098783268
-105.47756671201509
-104.36829452291481
-102.36655898865527
-107.79912429784406
-107.29420093191297
-108.78513327313684
-112.02134928217235
-110.4347992113417
-114.17852435685494
-112.27052320480645
-114.19869394813983
-117.14202040522544
-114.74647971504434
-116.67864106349276
-119.47613234070155
-117.92420587337253
-119.75615784176706
-117.99615996875066
-121.81124883474294
-122.74386413581533
-122.96814418019012
-120.57108909932909
-124.11175995830301
-123.80521859006652
-124.28144939463236
-124.91234199775137
-126.9581617973177
-123.32230500050626
-122.8685064175968
-124.89606420659005
-122.68966979240267
-127.71586344899373
-123.56411697526882
-121.22343599719827
-124.496082701097
-122.08696646565676
-125.72360756731591
-125.00348949088318
-125.84570829094542
-121.34853969324111
-124.3825590324883
-121.2962933023068
-121.43297484512571
-122.15579434534357
-121.11102206570729
-120.87035057995884
-120.49777962534311
-120.2437826503077
-118.39499434930894
-113.847934632476
-114.86565034723692
-118.57883175503035
-114.27834187067961
-111.44928733679173
-113.75784016225533
-109.910587754156
-106.58032606727316
-106.88034451134256
-107.2786107134032
-104.5500826187372
-104.86297693384913
-102.27061492055735
-100.93456042734525
-102.35737182917295
-97.52907109120976
-97.10559414374804
-92.2635475911373
-95.28030733038077
-90.94649667009212
-89.45477139294753
-87.15321302615263
-83.9272404039688
-81.0641706014432
-82.19395689488461
-75.69617567978503
-76.10743040872131
-75.07820633147281
-75.28916522112556
-67.31101609376043
-67.60952663982708
-63.23791549561468
-62.596860003293465
-62.25373877468225
-57.88820861174471
-55.274979878492736
-54.05665493189884
-52.692874649815465
-48.342215465722745
-45.76913373593338
-44.288534360192585
-41.776877349423046
-35.25948055798969
-35.05010868622232
-34.37283312294241
-30.70235851669223
-27.392243445788157
-25.997119417684885
-22.705550463303105
-21.819004415803743
-16.11065604341842
-11.751713586273567
-9.681254812651588
-7.487933963792044
-2.9588649316766533
-4.120066963882856
0.7327601960984438
1.4308840654409523
4.461420924751128
9.151992089217513
12.354787947177101
16.049767796653743
18.87868613210108
19.431251923673482
21.92958774428041
28.166799311042823
32.585241895358976
29.610480175093688
35.33215565212012
38.44983254285865
42.04609343360282
43.06136172348728
45.235005013519114
48.06610739068294
53.990261585784474
53.85527630164696
57.670251363660356
62.364222953812394
62.302811890910334
66.78166408354716
66.5397601222428
69.73546197023235
74.02591016850009
75.70018087755325
78.96892902543276
82.39248834638997
81.21181928396149
90.08782270742667
91.49692756691391
94.02533975156913
94.98802894894506
99.26476618764644
101.76686642166601
105.62514202085428
105.45004258874013
109.72984339928718
108.65118471690153
111.41649757112673
116.43241745928475
116.02048091858208
120.14741629801064
122.64646202149326
121.06459202692113
127.65364359309712
128.6603198112308
129.66655074942548
132.0927339868359
136.1040217714677
133.4953526747939
139.87621081683824
139.9919269280893
141.029730309718
140.99684006017947
139.87654640610086
148.927575537841
151.14817812121726
145.5126208436411
150.33702234568312
150.79179511873812
153.24528327024657
150.81369546423582
155.9896317508405
158.8428593362412
158.78112346177573
156.92735750352648
158.38873435604577
161.56748274606474
161.97320072402644
160.6341908054053
162.7793064625173
165.86752892898295
164.10133764366708
161.16925489503006
161.23551186585007
163.76293326168542
166.87635646929678
164.95856514276372
162.53935482995638
162.2575556434189
167.396026955729
164.1565375440872
161.0112863774904
162.54826022741474
160.74156248493983
162.45050765180244
161.92979579337
163.3009968486357
163.63492585353927
162.17393650050428
161.38428063555986
165.36102493551266
159.22197592302464
159.2155827187481
160.43026760553272
153.88515206313747
156.90333895762237
151.9005027294707
154.60033586337133
152.979537187769
150.08738858335232
150.347554825499
146.2310397473831
146.77043870513955
142.963766824306
142.84628625046292
139.37924642889564
138.46795479777887
137.437127472687
136.84215211130675
133.92142669060647
133.97549783963856
122.68774916544855
130.69304654187258
124.58846351085718
119.70797616699858
122.19517035184029
114.67099156838049
114.55632491918455
108.65962430885148
112.26963113302183
107.89869046748676
105.81450324555978
102.12738362526531
98.4153185491289
95.64120237623973
96.56237440930647
91.57595630082709
88.94153887999248
86.65845473574147
79.44475338219786
77.21949324191684
75.49741412467365
67.42064470132317